revolutions =2
iterationMode =0
itrs =1500000
charge =4.8032068E-10
mass =9.109383E-28
t =1.000000E-22
Hbar =1.05457266E-27 
Type =1
logPerod =1000
TimeStamp =22.07.27_19.23.17
