revolutions =5
iterationMode =0
itrs =1500000
charge =4.8032068E-10
mass =9.109383E-28
t =1.000000E-22
Hbar =1.05457266E-27 
Type =4
logPerod =300000
TimeStamp =22.06.18_15:45:40
