itrs =10
R =5.2977210903E-9
charge =4.8032068E-10
mass =9.109383E-28
t =1E-23
Hbar =1.05457266E-27 
Type =4
logPerod =1
TimeStamp =22.05.28_00:11:39
