revolutions =3
iterationMode =0
itrs =500000
charge =4.8032068E-10
mass =9.109383E-28
t =1E-22
Hbar =1.05457266E-27 
Type =2
logPerod =10000
TimeStamp =22.06.07_19:07:21
