revolutions =7
iterationMode =0
itrs =500000
charge =4.8032068E-10
mass =9.109383E-28
t =1.000000E-22
Hbar =1.05457266E-27 
Type =2
logPerod =10000
TimeStamp =22.06.10_22:57:25
