itrs =500
r =5.29E-9
ch =4.803E-10
mass =9.109383E-28
t =1E-18
l =1.05435246E-27
results_path ="result.txt"
