itrs =10000000
R =5.2977210903E-9
charge =4.8032068E-10
mass =9.109383E-28
t =1E-22
Hbar =1.05457266E-27 
N =3
K_LIST =0
M_LIST =-1
Type =4
logPerod =10000
results_path ="results/result_n%d/result_k%d/result_m%d.txt"
