itrs =500000
r =5.2977210903E-9
charge =4.8032068E-10
mass =9.109383E-28
t =1E-21
Hbar =1.05457266E-27 
N =2
K_LIST =2
M_LIST =-1
relative =0
Spherical =1
logPerod =500
results_path ="results/result_n%d/result_k%d/result_m%d.txt"
