revolutions =1
itrs =500000
R =5.2977210903E-9
charge =4.8032068E-10
mass =9.109383E-28
t =1E-21
Hbar =1.05457266E-27 
Type =4
logPerod =500
TimeStamp =22.05.30_12:24:07
