itrs =500000
r =5.29E-9
ch =4.803E-10
mass =9.109383E-28
t =1E-21
l =1.05435246E-27
n = 3
logPerod =500
results_path ="results/result_n%d/result%d.txt"
