itrs =50000000
r =5.2977210903E-9
charge =4.8032068E-10
mass =9.109383E-28
t =1E-22
Hbar =1.05457266E-27 
N =3
K_LIST =1
relative =1
logPerod =50000
results_path ="results/result_n%d/result%d.txt"
