itrs =500000
r =5.29E-9
ch =4.803E-10
mass =9.109383E-28
t =1E-21
Hbar =1.05435246E-27
energy_levels =5
subLevel =5,6
reltive =0
logPerod =500
results_path ="results/result_n%d/result%d.txt"
