itrs =50000000
r =5.29E-9
charge =4.803E-10
mass =9.109383E-28
t =1E-22
Hbar =1.05435246E-27
N =2
K_LIST =1,2
relative =1
logPerod =50000
results_path ="results/result_n%d/result%d.txt"
